% declaring common colors
function DeclareExampleColors()

Cmarigold  = [234, 162,  33]/255;
Cwhite     = [255, 255, 255]/255;
Cdkmagenta = [139,   0, 139]/255;
Cscarlet   = [255,  36,   0]/255;
Cblack     = [  0,   0,   0];
Cruby_cl   = [224,  17,  95]/255;
Cruby_dk   = [ 78,   9,  15]/255;
Cbatman_y  = [152, 136,  41]/255;
Cpurple    = [128,   0, 128]/255;
Cpurple_cl = [192,   0, 192]/255;
Cblue_fcy  = [ 36, 122, 253]/255;
Cflower_y  = [255, 229,  90]/255;

end